"","label","sex","origin","provenance","split","ref.s01","ref.s08","ref.s62","ref.s63","ref.s64","ref.s09","ref.s10","ref.s11","ref.s40","ref.s41","ref.s42","ref.s43","ref.s44","ref.s45","ref.s12","ref.s13","ref.s14","ref.s15","ref.s16","ref.s17","ref.s18","ref.s19","ref.s20","ref.s21","ref.s22","ref.s23","ref.s24","ref.s25","ref.s26","ref.s27","ref.s28","ref.s29","ref.s30","ref.s31","ref.s32","ref.s33","ref.s34","ref.s35","ref.s36","ref.s65","ref.s66","ref.s67","ref.s02","ref.s03","ref.s04","ref.s68","ref.s69","ref.s70","ref.s05","ref.s49","ref.s50","ref.s52","ref.s53","ref.s54","ref.s55","ref.s56","ref.s51","ref.s06","ref.s07","ref.s37","ref.s38","ref.s57","ref.s58","ref.s59","ref.s46","ref.s47","ref.s48","ref.s39","ref.s60","ref.s61"
"s01","s01","unknown","asia","secure provenance",0,0,3.47,2.08,2.32,3.41,3.09,1.31,1.2,3.01,3.66,3.81,4.24,3.3,3.21,2.83,1.55,2.75,1.59,2.69,2.87,3.52,5.49,6.34,6.51,6.57,5.16,4.55,5.55,4.72,4.74,4.38,4.55,4.24,4.2,4.5,3.91,5.1,4.32,8.39,3.29,3.4,4.19,2.51,2.63,5.35,3.42,2.87,3.21,1.73,3.95,3.8,3.85,5,4.53,3.61,3.45,2.79,2.91,3.04,4.2,2.82,2.78,2.18,4.59,2.23,3.28,3.32,4.55,2.29,3.24
"s08","s08","female","africa","secure provenance",1,3.47,0,3.2,3.13,3.18,2.28,3.73,3.66,4.49,4.8,3.48,3.78,4.48,3.96,2.88,3.8,2.95,3.46,4.46,2.3,1.94,3.49,4.46,5.5,5.19,3.37,2.33,3.75,2.88,3.56,2.35,4.25,2.84,3.46,3.6,2.62,3.86,3.76,6.01,1.07,1.3,2.53,3.27,4.39,2.61,1.23,1.63,1.59,4.12,2.35,1.51,2.73,3.18,2.14,3.15,2.25,2.75,3.48,4.62,2.3,1.9,2.76,1.77,2.41,3.59,3.87,2.66,1.66,2.02,2.25
"s62","s62","male","africa","secure provenance",1,2.08,3.2,0,1.38,3.07,2.28,2.51,1.94,1.65,2.19,2.11,2.62,1.88,1.57,1.72,2.28,1.77,2.65,2.04,2.31,2.79,4.13,4.8,4.86,4.94,3.7,3.27,4.65,4.07,3.13,3.24,2.98,3.4,3.18,3.19,2.88,3.51,2.98,7.14,3.13,3.19,3.93,2.12,2.02,4.53,2.99,2.89,2.92,1.63,3.05,3.07,2.32,3.52,3.45,2.3,2.29,2.43,1.51,1.83,2.97,1.97,1.82,1.88,3.48,1.18,1.81,2.12,4.21,2.24,2.43
"s63","s63","male","africa","secure provenance",1,2.32,3.13,1.38,0,2.35,1.92,2.36,2.08,2.67,3.15,2.62,3.31,2.71,2.37,2.06,2.38,2.38,2.69,2.95,1.91,2.4,4.01,4.68,4.56,4.66,3.62,3.22,3.94,3.48,3.35,3.11,3.35,2.81,2.5,2.53,2.26,3.13,2.45,7.04,2.91,3.23,3.42,2.54,2.99,4.47,3.09,2.99,3.02,2.07,3.11,3.21,2.45,3.69,3.38,3.1,2.64,3.11,2.01,2.12,2.92,1.72,2.63,2.01,3.49,2.02,2.12,2.71,3.9,2.05,2.32
"s64","s64","male","africa","secure provenance",0,3.41,3.18,3.07,2.35,0,3.16,3.37,3.67,4.47,5.02,4.2,4.75,4.66,4.25,3.82,3.94,4.13,4.06,4.92,3.13,1.97,4.74,5.14,5.45,5.37,4.6,3.63,2.9,2.21,4.46,3.44,4.65,1.99,1.93,3.02,1.98,3.97,3.36,7.61,2.94,3.46,2.31,4.42,4.82,4.88,3.63,3.35,3.22,3.43,4.37,3.8,3.8,4.62,4.06,4.56,3.86,4.44,3.92,4.02,3.88,2.72,3.88,3.01,4.36,3.99,4.09,4.12,3.16,3.15,3.69
"s09","s09","female","asia","secure provenance",0,3.09,2.28,2.28,1.92,3.16,0,3.13,2.79,3.41,3.56,2.2,2.77,3.19,2.75,1.55,2.99,2.03,2.9,3.35,1.33,2.13,2.94,3.7,4.2,4.05,2.55,2.24,3.61,3.14,2.64,2.29,3.22,2.66,2.97,2.46,2.24,2.66,2.56,5.68,2.04,2.26,3.03,2.23,3.28,3.01,2.03,2.31,2.13,3.3,1.76,2.07,1.8,2.61,2.09,2.5,1.74,2.36,2.21,3.25,1.66,1.4,2.35,1.79,2.12,2.55,2.4,2.02,3.03,1.51,1.18
"s10","s10","female","asia","secure provenance",1,1.31,3.73,2.51,2.36,3.37,3.13,0,1.25,3.47,4.02,4.08,4.59,3.59,3.61,3.12,1.31,3.16,1.41,3.07,2.83,3.61,5.74,6.4,6.62,6.68,5.34,4.77,5.52,4.72,5.13,4.71,5.16,4.29,4.35,4.59,3.98,5.19,4.58,8.53,3.35,3.57,4.11,2.8,3.12,5.58,3.75,2.94,3.3,2.22,4.19,4.25,4.16,5.28,4.75,4.16,3.9,3.24,3.32,3.36,4.36,3.06,3.44,2.62,4.81,2.69,3.68,3.82,4.64,2.33,3.44
"s11","s11","male","asia","secure provenance",1,1.2,3.66,1.94,2.08,3.67,2.79,1.25,0,2.69,3.21,3.44,3.94,2.83,2.81,2.48,0.9,2.41,1.24,2.29,2.54,3.65,5.3,6.06,6.12,6.21,4.88,4.44,5.56,4.88,4.55,4.36,4.38,4.29,4.28,4.26,3.93,4.78,4.11,8.13,3.45,3.56,4.31,2.04,2.27,5.27,3.5,3.03,3.32,1.74,3.67,3.88,3.56,4.76,4.39,3.43,3.29,2.72,2.59,2.72,3.93,2.79,2.83,2.24,4.36,1.78,2.81,3.18,4.76,2.17,2.98
"np12","np12","unknown","africa","no provenance",2,1.84,4.15,3.5,3.38,3.68,4.15,1.54,2.29,4.48,5.15,5.24,5.68,4.74,4.7,4.29,2.38,4.2,2.27,4.13,3.78,4.17,6.71,7.43,7.75,7.77,6.4,5.61,6.06,5.14,6.15,5.42,6.11,4.85,5.01,5.46,4.71,6.26,5.52,9.5,3.82,4.03,4.31,3.92,4.15,6.32,4.35,3.41,3.84,3.02,5.16,4.93,5.16,6.28,5.62,5.13,4.8,4.11,4.47,4.46,5.3,3.98,4.28,3.32,5.71,3.75,4.8,4.77,4.95,3.22,4.41
"np13","np13","female","africa","no provenance",2,3.1,2.4,3.19,3.24,2.63,3.01,3.31,3.52,4.54,4.97,4.03,4.33,4.75,4.37,3.52,3.89,3.64,3.64,4.62,3.17,2.27,4.8,5.25,6.2,5.96,4.7,3.51,3.91,2.89,4.5,3.49,4.84,2.72,3.48,4.08,2.93,4.65,4.37,7.31,2.12,2.29,2.24,3.98,4.23,4.22,2.68,2.11,1.74,3.79,3.88,3.08,3.86,4.31,3.69,3.86,3.32,3.24,4,4.64,3.6,2.9,3.15,2.56,3.86,3.92,4.36,3.66,2.52,2.79,3.47
"np14","np14","female","africa","no provenance",2,5.88,5.11,4.21,3.98,5.16,3.67,6.01,5.45,4.35,4.08,2.87,3.21,3.91,3.51,3.6,5.62,4.04,5.84,4.95,4.05,4.43,2.57,2.78,1.07,1.66,2.42,3.44,4.41,4.82,2.3,3.55,2.71,4.28,3.87,2.67,3.78,1.67,2.34,4.64,5.14,5.31,5.5,4.47,4.93,4.48,4.9,5.56,5.19,5.15,3.8,4.37,2.89,2.84,3.53,3.87,3.71,4.94,3.39,3.86,3.29,3.87,4.46,4.71,3.53,4.38,3.09,3.81,5.46,4.69,3.67
"np15","np15","male","africa","no provenance",2,2.72,2.25,1.89,1.51,2.22,1.74,3.01,2.74,3.17,3.57,2.63,3.16,3.21,2.66,2.13,2.94,2.38,3.06,3.54,1.7,1.69,3.46,4.26,4.44,4.42,3.17,2.55,3.32,2.76,2.89,2.25,3.1,2.22,2.29,2.25,1.91,2.92,2.3,6.43,2.16,2.53,2.66,2.74,3.47,3.67,2.35,2.52,2.48,2.67,2.65,2.39,2.05,3.11,2.61,2.81,2.07,2.88,2.23,2.91,2.41,1.33,2.47,1.53,2.79,2.47,2.37,2.39,2.97,1.82,1.87
"np16","np16","male","africa","no provenance",2,1.48,4.46,2.54,2.69,3.71,4,1.96,1.86,3.09,3.87,4.47,4.94,3.53,3.52,3.69,2.04,3.58,2.48,3.08,3.71,4.25,6.26,7.08,6.95,7.11,5.89,5.34,6.1,5.38,5.37,5.11,4.96,4.86,4.52,4.9,4.51,5.62,4.67,9.3,4.32,4.47,4.94,3.38,3.18,6.38,4.48,4,4.33,1.58,4.92,4.78,4.5,5.82,5.45,4.43,4.34,3.95,3.44,2.99,5.08,3.62,3.62,3.11,5.54,2.63,3.68,4.14,5.5,3.36,4.15
"np17","np17","unknown","africa","no provenance",2,4.32,2.42,3.01,3.24,4.09,2.16,4.59,4.13,3.72,3.67,2,2.11,3.58,3,2.25,4.31,2.52,4.27,3.99,2.72,2.59,2.31,2.86,4.01,3.59,1.74,1.13,3.93,3.54,1.98,1.83,3.01,3.16,3.52,3.16,2.67,2.57,3.13,4.68,2.63,2.45,3.71,3.09,3.86,2.16,1.98,2.85,2.48,4.27,1.53,1.61,1.38,1.33,1.36,1.88,1.39,2.66,2.75,4.09,1.33,2.14,2.2,2.46,1.36,3.18,3,1.71,3.01,2.86,2.12
"np18","np18","unknown","africa","no provenance",2,2.76,1.49,2.41,2.17,2.43,1.73,2.84,2.86,3.83,4.2,3.06,3.54,3.81,3.39,2.39,2.98,2.52,2.8,3.81,1.62,1.52,3.68,4.41,5.14,4.98,3.4,2.55,3.5,2.63,3.44,2.57,4.02,2.41,2.9,3.04,2.18,3.5,3.3,6.44,1.15,1.55,2.21,2.82,3.77,3.28,1.7,1.49,1.44,3.3,2.53,2.1,2.49,3.25,2.41,3,2.21,2.56,2.89,3.8,2.3,1.45,2.57,1.41,2.66,3.01,3.27,2.63,2.21,1.42,1.96
"np19","np19","unknown","africa","no provenance",2,2.38,3.59,1.28,1.23,3.09,2.12,2.53,1.94,2.15,2.53,2.34,2.98,2.15,1.97,1.88,2.41,2.17,2.78,2.46,2.26,2.99,4.18,4.69,4.51,4.66,3.74,3.47,4.42,4,3.34,3.51,3.16,3.26,3.07,2.88,2.86,3.27,2.69,7.09,3.42,3.6,3.93,2.32,2.27,4.71,3.43,3.31,3.25,1.84,3.22,3.51,2.57,3.7,3.6,2.82,2.65,2.89,1.79,1.83,3.09,2.21,2.5,2.32,3.63,1.73,1.68,2.67,4.42,2.35,2.53
"np20","np20","female","asia","no provenance",2,3.73,2.48,2.29,2.33,3,1.98,4.08,3.7,3.25,3.43,1.94,2.35,3.27,2.67,2.16,4,2.56,4.08,3.84,2.55,1.79,2.47,3.06,3.63,3.4,2.16,1.36,3.13,2.77,1.85,1.58,2.47,2.17,2.23,2.18,1.63,2.06,2.11,5.42,2.51,2.58,3.2,3.14,3.62,2.95,2.31,2.95,2.49,3.49,2.25,1.93,1.43,1.93,1.88,2.18,1.58,2.96,2.29,3.32,1.8,1.63,2.05,2.13,2.11,2.87,2.46,1.9,2.94,2.71,2.2
"np23","np23","male","asia","no provenance",2,3.67,3.25,2.11,2.31,3.74,2.21,4.14,3.53,2.65,2.75,1.65,2.2,2.47,1.89,1.7,3.74,2,3.93,3.17,2.47,3,2.58,3.65,3.36,3.47,2.27,2.46,4.14,3.95,1.63,2.45,1.66,3.37,2.9,2.39,2.69,2.24,1.78,5.67,3.45,3.58,4.33,2.65,3.14,3.67,3.03,3.65,3.48,3.2,2.46,2.54,1.51,2.3,2.51,2.03,1.86,2.92,1.44,2.36,2.21,1.94,2.26,2.56,2.62,2.38,1.58,1.82,4.16,2.85,2.06
"np21","np21","male","asia","no provenance",2,5.14,3.13,3.76,3.54,3.72,2.76,5.33,5.01,4.61,4.64,2.88,3.11,4.53,3.89,3.36,5.26,3.83,5.3,5.2,3.43,2.38,2.14,2.2,3.25,2.63,1.98,1.34,2.55,2.61,2.28,1.58,3.21,2.25,2.64,2.37,2.05,1.92,2.64,4.43,3.17,3.25,3.32,4.37,4.99,2.71,3.04,3.84,3.26,4.9,2.79,2.61,2.25,1.94,2.09,3.27,2.6,4.11,3.62,4.61,2.14,2.8,3.42,3.38,2.24,4.21,3.61,3.05,2.96,3.75,3.04
"np22","np22","male","asia","no provenance",2,5.63,3.93,4.19,4.11,5.16,3.09,5.94,5.31,4.64,4.42,2.68,2.82,4.3,3.71,3.2,5.51,3.58,5.52,4.99,3.63,3.85,1.51,2.48,2.66,2.28,1.3,2.3,4.18,4.37,1.81,2.44,2.7,3.92,3.97,2.98,3.48,2.02,2.81,3.55,4.17,4.19,4.91,4.05,4.9,2.79,3.61,4.66,4.28,5.36,2.44,2.96,2.2,1.6,2.19,3.04,2.64,4.1,3.42,4.55,2.21,3.33,3.71,3.93,2.05,4.22,3.28,2.92,4.35,4.09,2.91
"np24","np24","unknown","asia","no provenance",2,5.88,3.37,4.58,4.53,5,3.24,6.09,5.69,5.3,5.14,3.22,3.24,5.03,4.45,3.68,5.88,3.99,5.75,5.58,3.82,3.41,1.55,1.94,3.49,2.87,1.59,1.71,3.71,3.73,2.36,2.25,3.65,3.55,4.07,3.4,3.32,2.57,3.56,3.09,3.56,3.51,4.2,4.52,5.43,1.73,3.13,4.12,3.63,5.85,2.46,2.59,2.56,1.44,1.57,3.33,2.72,4.11,4.12,5.43,1.95,3.38,3.85,3.93,1.64,4.84,4.19,3.19,3.32,4.09,3.14
"np25","np25","unknown","asia","no provenance",2,7.13,4.58,5.84,5.71,5.91,4.46,7.28,6.95,6.5,6.32,4.41,4.34,6.24,5.69,4.96,7.17,5.37,7.02,6.87,5.09,4.44,2.52,2.07,3.82,3.02,2.81,2.84,4.12,4.41,3.47,3.27,4.7,4.35,4.89,4.32,4.16,3.33,4.5,2.34,4.72,4.7,5.07,5.83,6.65,2.71,4.44,5.37,4.71,7.07,3.88,3.9,3.98,2.74,3.04,4.67,4.17,5.42,5.39,6.58,3.39,4.66,5.09,5.28,3.07,6.15,5.45,4.53,4.14,5.41,4.52
"np26","np26","unknown","europe","no provenance",2,3.79,1.47,3.23,3.28,3.9,2.07,3.9,3.73,4.3,4.42,2.95,3.15,4.1,3.67,2.44,3.76,2.53,3.44,4.11,2.14,2.4,3.1,3.98,5.14,4.82,2.79,2.1,4.18,3.5,3.16,2.39,4.09,3.36,3.96,3.74,2.95,3.62,3.87,5.34,1.53,1.49,3.23,2.79,4.11,2.03,1.11,1.69,1.63,4.37,1.58,1.41,2.38,2.54,1.66,2.6,1.9,2.22,3.18,4.54,1.68,2.01,2.58,2.02,1.72,3.46,3.64,2.2,2.3,1.98,1.82
"np27","np27","unknown","europe","no provenance",2,3.85,2.89,2.68,2.88,4.4,1.98,4.21,3.55,3.17,3.08,1.79,2.07,2.8,2.29,1.54,3.6,1.69,3.6,3.17,2.18,3.17,2.4,3.59,3.84,3.8,1.94,2.34,4.62,4.31,1.76,2.33,2.37,3.84,3.89,3.08,3.22,2.69,2.73,5.06,3.06,3.04,4.37,2.03,3.31,2.75,2.37,3.18,3.17,3.82,1.24,1.97,1.31,1.93,1.86,1.7,1.37,2.29,1.79,3.29,1.63,1.97,2.27,2.37,1.73,2.55,2.02,1.28,3.9,2.4,1.32
"np28","np28","unknown","asia","no provenance",2,3.08,3.22,3.14,2.49,1.2,3.29,2.92,3.32,4.54,5.12,4.48,5.02,4.77,4.43,3.93,3.67,4.17,3.73,4.85,3.22,2.44,5.31,5.67,6.09,5.97,5.06,3.99,3.53,2.78,4.96,3.94,5.15,2.53,2.72,3.65,2.53,4.52,3.99,8.08,2.97,3.47,2.48,4.39,4.69,5.16,3.67,3.14,3.11,3.33,4.53,4.03,4.13,5.03,4.4,4.72,4.06,4.34,4.16,4.2,4.16,3,3.94,2.97,4.64,3.96,4.34,4.33,3.37,3.12,3.87
"np02","np02","unknown","asia","no provenance",2,2.03,3.02,1.11,1.24,3.02,1.82,2.1,1.62,2.19,2.58,2.2,2.8,2.14,1.91,1.5,1.85,1.69,2.16,2.24,1.75,2.68,4.11,4.72,4.84,4.9,3.6,3.22,4.46,3.87,3.35,3.31,3.43,3.26,3.25,3.15,2.84,3.42,3.04,6.96,2.82,2.99,3.64,1.83,2.23,4.33,2.84,2.59,2.68,1.88,2.8,3.05,2.33,3.5,3.26,2.51,2.32,2.32,1.68,2.12,2.79,1.81,2.17,1.73,3.27,1.43,1.93,2.34,3.96,1.73,2.1
"s40","s40","female","africa","secure provenance",1,3.01,4.49,1.65,2.67,4.47,3.41,3.47,2.69,0,0.91,2.3,2.57,0.95,1.09,2.38,2.94,2.27,3.45,1.54,3.5,4.16,4.8,5.33,5.08,5.28,4.27,4.16,5.86,5.4,3.5,4.19,3.04,4.72,4.35,4.15,4.14,4.12,3.66,7.56,4.49,4.42,5.36,2.53,1.52,5.43,4.16,4.14,4.15,1.98,3.81,4.08,3.02,4.07,4.36,2.54,3.1,3.02,1.74,1.64,3.89,3.23,2.41,3.12,4.3,1.37,1.89,2.66,5.53,3.49,3.41
"s41","s41","male","africa","secure provenance",0,3.66,4.8,2.19,3.15,5.02,3.56,4.02,3.21,0.91,0,2.1,2.22,0.87,1.13,2.43,3.41,2.37,3.87,1.68,3.73,4.52,4.68,5.09,4.84,5.05,4.09,4.21,6.11,5.73,3.34,4.34,2.96,5.03,4.75,4.32,4.46,4.06,3.85,7.2,4.79,4.68,5.72,2.64,1.67,5.39,4.35,4.43,4.42,2.71,3.75,4.24,3,3.88,4.34,2.42,3.15,3.08,1.88,2.04,3.86,3.53,2.65,3.52,4.21,1.78,1.95,2.7,5.82,3.77,3.5
"s42","s42","female","africa","secure provenance",1,3.81,3.48,2.11,2.62,4.2,2.2,4.08,3.44,2.3,2.1,0,0.87,1.97,1.51,1.43,3.64,1.75,3.83,2.69,2.63,3.18,2.8,3.35,3.52,3.52,2.24,2.42,4.58,4.27,1.75,2.67,2.21,3.66,3.61,3.02,3.06,2.45,2.72,5.41,3.49,3.42,4.46,2.35,2.57,3.6,3.05,3.47,3.19,3.34,2.2,2.74,1.44,2,2.53,1.42,1.74,2.47,1.48,2.61,2.07,2.36,1.97,2.7,2.39,2.16,1.7,1.59,4.27,2.87,2.15
"s43","s43","male","africa","secure provenance",1,4.24,3.78,2.62,3.31,4.75,2.77,4.59,3.94,2.57,2.22,0.87,0,2.27,1.87,1.95,4.13,2.16,4.29,2.92,3.21,3.6,3,3.42,3.81,3.74,2.45,2.66,5.02,4.68,1.87,2.89,2.37,4.12,4.18,3.59,3.57,2.92,3.31,5.26,3.84,3.66,4.84,2.73,2.78,3.66,3.27,3.74,3.44,3.8,2.43,2.94,1.87,2.03,2.77,1.38,2,2.57,2.03,3.17,2.39,2.89,2.13,3.12,2.56,2.58,2.26,1.72,4.53,3.34,2.61
"s44","s44","female","europe","secure provenance",1,3.3,4.48,1.88,2.71,4.66,3.19,3.59,2.83,0.95,0.87,1.97,2.27,0,0.85,2.08,2.94,2.01,3.42,1.41,3.21,4.21,4.45,5.02,4.7,4.95,3.87,4.02,5.82,5.42,3.23,4.13,2.98,4.78,4.45,4.01,4.16,3.82,3.55,7.1,4.47,4.43,5.43,2.23,1.68,5.2,4.13,4.14,4.16,2.43,3.51,4.02,2.79,3.78,4.1,2.42,3,2.92,1.53,1.63,3.58,3.16,2.6,3.21,4.02,1.53,1.7,2.56,5.53,3.32,3.08
"s45","s45","male","europe","secure provenance",1,3.21,3.96,1.57,2.37,4.25,2.75,3.61,2.81,1.09,1.13,1.51,1.87,0.85,0,1.7,2.98,1.69,3.39,1.79,2.82,3.7,3.9,4.56,4.29,4.49,3.36,3.45,5.28,4.9,2.66,3.46,2.37,4.24,3.94,3.47,3.64,3.31,2.99,6.66,4.02,3.99,4.93,2.12,1.9,4.65,3.62,3.81,3.79,2.4,3.03,3.44,2.15,3.22,3.55,1.97,2.41,2.7,1.1,1.62,3.05,2.65,2.18,2.76,3.45,1.27,1.22,2.04,4.99,3.01,2.62
"s12","s12","male","asia","secure provenance",1,2.83,2.88,1.72,2.06,3.82,1.55,3.12,2.48,2.38,2.43,1.43,1.95,2.08,1.7,0,2.62,0.92,2.68,2.28,1.73,2.95,3.21,4.09,4.29,4.29,2.7,2.7,4.65,4.17,2.44,2.78,2.7,3.6,3.6,3.16,2.97,3.01,2.83,5.96,2.86,2.89,4.12,1.3,2.24,3.52,2.4,2.75,2.71,2.78,1.85,2.35,1.69,2.57,2.52,1.58,1.5,1.68,1.07,2.41,2.09,1.66,1.64,1.85,2.42,1.62,1.63,1.36,3.95,1.82,1.45
"s13","s13","male","asia","secure provenance",1,1.55,3.8,2.28,2.38,3.94,2.99,1.31,0.9,2.94,3.41,3.64,4.13,2.94,2.98,2.62,0,2.5,0.96,2.35,2.52,3.88,5.45,6.28,6.32,6.44,4.98,4.67,5.83,5.13,4.75,4.59,4.68,4.63,4.6,4.53,4.23,5,4.39,8.22,3.56,3.68,4.56,2.01,2.62,5.4,3.63,3.12,3.55,2.08,3.77,4.05,3.72,4.93,4.51,3.63,3.52,2.86,2.73,2.9,4.08,2.95,3.15,2.46,4.49,2.01,3.06,3.37,4.93,2.17,3.01
"s14","s14","male","asia","secure provenance",1,2.75,2.95,1.77,2.38,4.13,2.03,3.16,2.41,2.27,2.37,1.75,2.16,2.01,1.69,0.92,2.5,0,2.55,1.97,1.92,3.29,3.6,4.57,4.77,4.81,3.11,3.07,5.12,4.58,2.78,3.15,2.91,4.04,4.05,3.6,3.49,3.54,3.31,6.32,3.03,2.98,4.37,1.11,2.02,3.78,2.49,2.71,2.84,2.77,2.08,2.49,1.93,2.88,2.78,1.46,1.64,1.44,1.3,2.54,2.32,2.05,1.67,1.9,2.68,1.52,1.82,1.5,4.19,1.94,1.63
"s15","s15","female","asia","secure provenance",1,1.59,3.46,2.65,2.69,4.06,2.9,1.41,1.24,3.45,3.87,3.83,4.29,3.42,3.39,2.68,0.96,2.55,0,2.72,2.45,3.84,5.37,6.27,6.51,6.57,4.99,4.6,5.84,5.08,4.83,4.52,4.89,4.65,4.77,4.7,4.27,5.13,4.59,8.04,3.21,3.32,4.39,1.94,2.9,5.08,3.31,2.77,3.22,2.65,3.59,3.8,3.82,4.91,4.35,3.68,3.46,2.6,3.01,3.45,3.99,2.88,3.16,2.34,4.32,2.43,3.43,3.36,4.62,1.91,2.9
"s16","s16","male","asia","secure provenance",0,2.69,4.46,2.04,2.95,4.92,3.35,3.07,2.29,1.54,1.68,2.69,2.92,1.41,1.79,2.28,2.35,1.97,2.72,0,3.3,4.5,5.1,5.8,5.75,5.94,4.55,4.57,6.42,5.83,3.99,4.61,3.76,5.23,5.05,4.74,4.66,4.71,4.36,7.75,4.41,4.29,5.56,1.88,1.19,5.43,4.02,3.83,4.07,2.37,3.65,4.12,3.32,4.39,4.48,2.66,3.22,2.49,2.07,2.28,3.97,3.34,2.56,3.11,4.36,1.44,2.41,2.76,5.66,3.11,3.22
"np03","np03","unknown","europe","no provenance",2,4.58,2.67,3.26,2.99,3.46,2.01,4.76,4.38,4.2,4.22,2.46,2.82,4.04,3.43,2.67,4.67,3.16,4.65,4.63,2.7,2.23,1.87,2.28,3.14,2.71,1.66,1.05,2.67,2.65,1.96,1.55,2.9,2.18,2.56,2.02,1.81,1.63,2.2,4.5,2.78,2.96,3.17,3.67,4.43,2.38,2.57,3.34,2.85,4.42,2.21,2.14,1.77,1.69,1.53,2.86,2.07,3.5,3.04,4.1,1.51,2.16,2.98,2.87,1.72,3.7,3.06,2.53,2.82,3.07,2.34
"np04","np04","male","europe","no provenance",2,2.58,2.62,1.63,2.22,3.59,1.92,3.2,2.57,2.48,2.73,1.9,2.26,2.56,2.11,1.22,2.9,1.45,2.91,2.57,2.25,2.74,3.49,4.39,4.76,4.65,3.11,2.64,4.57,4,2.63,2.65,2.7,3.41,3.43,3.37,2.83,3.39,3.05,6.3,2.69,2.65,3.93,1.9,2.32,3.52,2.1,2.53,2.47,2.7,2.14,2.02,2.02,2.81,2.7,1.5,1.46,1.6,1.57,2.73,2.4,1.74,0.95,1.61,2.64,1.78,2.08,1.34,3.7,2.07,1.92
"s17","s17","male","asia","secure provenance",1,2.87,2.3,2.31,1.91,3.13,1.33,2.83,2.54,3.5,3.73,2.63,3.21,3.21,2.82,1.73,2.52,1.92,2.45,3.3,0,2.42,3.42,4.41,4.65,4.63,3.05,2.82,3.99,3.48,3.18,2.75,3.62,3.09,3.29,2.84,2.64,3.22,2.93,6.16,2.19,2.55,3.18,2.08,3.43,3.42,2.23,2.3,2.45,3.22,2.15,2.45,2.16,3.1,2.49,2.81,2.12,2.48,2.29,3.17,2.07,1.51,2.74,1.77,2.51,2.51,2.56,2.41,3.25,1.11,1.18
"s18","s18","male","asia","secure provenance",1,3.52,1.94,2.79,2.4,1.97,2.13,3.61,3.65,4.16,4.52,3.18,3.6,4.21,3.7,2.95,3.88,3.29,3.84,4.5,2.42,0,3.35,3.92,4.69,4.43,3.18,2.14,2.51,1.64,3.24,1.92,3.83,1.36,2.02,2.49,1.31,3.06,2.9,6.11,1.59,2,1.86,3.63,4.37,3.26,2.24,2.39,1.93,3.72,2.9,2.29,2.62,3.12,2.46,3.36,2.53,3.4,3.27,4.08,2.42,1.82,2.93,2.09,2.78,3.54,3.5,2.91,1.88,2.39,2.54
"s19","s19","female","asia","secure provenance",0,5.49,3.49,4.13,4.01,4.74,2.94,5.74,5.3,4.8,4.68,2.8,3,4.45,3.9,3.21,5.45,3.6,5.37,5.1,3.42,3.35,0,2.1,2.69,2.37,1.14,1.93,3.71,3.82,1.64,2.1,2.87,3.55,3.61,2.75,3.09,1.89,2.65,3.41,3.69,3.77,4.45,4.05,5.05,2.31,3.35,4.32,3.86,5.37,2.43,2.61,2.28,1.47,1.74,3.2,2.64,4.03,3.47,4.64,1.94,2.96,3.69,3.77,1.91,4.39,3.54,2.9,3.74,3.84,2.77
"s20","s20","female","asia","secure provenance",1,6.34,4.46,4.8,4.68,5.14,3.7,6.4,6.06,5.33,5.09,3.35,3.42,5.02,4.56,4.09,6.28,4.57,6.27,5.8,4.41,3.92,2.1,0,2.53,1.84,2.11,2.41,3.71,4,2.57,3.02,3.81,3.75,4.07,3.35,3.44,2.09,3.47,3.24,4.47,4.48,4.71,5.06,5.65,3.1,4.27,4.96,4.38,6.01,3.5,3.79,3.12,2.23,2.77,3.99,3.61,4.86,4.37,5.36,2.85,3.89,4.45,4.72,2.86,5.18,4.33,3.86,4.24,4.78,3.92
"s21","s21","male","asia","secure provenance",1,6.51,5.5,4.86,4.56,5.45,4.2,6.62,6.12,5.08,4.84,3.52,3.81,4.7,4.29,4.29,6.32,4.77,6.51,5.75,4.65,4.69,2.69,2.53,0,1.07,2.74,3.64,4.25,4.85,2.73,3.79,3.24,4.38,4.01,2.87,3.98,1.86,2.7,4.35,5.5,5.69,5.68,5.2,5.66,4.61,5.34,6.04,5.57,5.83,4.29,4.75,3.49,3.13,3.84,4.48,4.24,5.56,4.13,4.61,3.69,4.38,5.04,5.25,3.87,5.12,3.81,4.39,5.62,5.28,4.26
"s22","s22","female","asia","secure provenance",1,6.57,5.19,4.94,4.66,5.37,4.05,6.68,6.21,5.28,5.05,3.52,3.74,4.95,4.49,4.29,6.44,4.81,6.57,5.94,4.63,4.43,2.37,1.84,1.07,0,2.39,3.17,3.87,4.49,2.65,3.41,3.38,4.07,3.9,2.93,3.72,1.76,2.87,3.77,5.21,5.35,5.36,5.27,5.79,4.09,5,5.79,5.25,5.99,4.03,4.42,3.38,2.78,3.5,4.35,4.04,5.43,4.28,4.98,3.42,4.27,4.89,5.12,3.52,5.23,4.03,4.26,5.17,5.21,4.2
"s23","s23","female","asia","secure provenance",1,5.16,3.37,3.7,3.62,4.6,2.55,5.34,4.88,4.27,4.09,2.24,2.45,3.87,3.36,2.7,4.98,3.11,4.99,4.55,3.05,3.18,1.14,2.11,2.74,2.39,0,1.68,3.81,3.81,1.49,2.09,2.79,3.49,3.56,2.71,2.94,1.69,2.63,3.71,3.5,3.55,4.39,3.59,4.56,2.4,3.08,3.97,3.6,4.93,1.97,2.5,1.71,1.08,1.5,2.68,2.24,3.59,3.01,4.24,1.5,2.69,3.29,3.42,1.6,3.87,3.08,2.49,3.76,3.47,2.37
"s24","s24","male","asia","secure provenance",0,4.55,2.33,3.27,3.22,3.63,2.24,4.77,4.44,4.16,4.21,2.42,2.66,4.02,3.45,2.7,4.67,3.07,4.6,4.57,2.82,2.14,1.93,2.41,3.64,3.17,1.68,0,3.07,2.8,2,1.39,3.14,2.51,2.91,2.65,2.02,2.13,2.76,4.46,2.52,2.57,3.28,3.6,4.4,2,2.25,3.06,2.51,4.49,2.02,1.76,1.77,1.53,1.26,2.62,1.92,3.25,3.12,4.3,1.38,2.15,2.71,2.71,1.55,3.69,3.31,2.28,2.55,3.04,2.37
"s25","s25","male","asia","secure provenance",1,5.55,3.75,4.65,3.94,2.9,3.61,5.52,5.56,5.86,6.11,4.58,5.02,5.82,5.28,4.65,5.83,5.12,5.84,6.42,3.99,2.51,3.71,3.71,4.25,3.87,3.81,3.07,0,1.33,4.09,3.04,4.74,1.57,2.08,2.45,2.16,3.11,3.21,5.85,3.57,4.06,2.57,5.54,6.22,4.08,4.13,4.46,3.93,5.47,4.41,3.93,3.95,3.98,3.55,5.07,4.19,5.4,4.88,5.42,3.61,3.63,4.9,4.22,3.88,5.42,4.84,4.71,2.96,4.34,4.12
"s26","s26","female","asia","secure provenance",1,4.72,2.88,4.07,3.48,2.21,3.14,4.72,4.88,5.4,5.73,4.27,4.68,5.42,4.9,4.17,5.13,4.58,5.08,5.83,3.48,1.64,3.82,4,4.85,4.49,3.81,2.8,1.33,0,4.06,2.75,4.72,1.12,2.06,2.77,1.8,3.42,3.41,6.18,2.66,3.12,1.68,4.98,5.64,3.8,3.4,3.5,2.99,4.84,3.98,3.36,3.67,3.86,3.23,4.59,3.71,4.68,4.51,5.14,3.31,3.04,4.25,3.45,3.61,4.87,4.61,4.21,2.04,3.6,3.67
"s27","s27","male","asia","secure provenance",1,4.74,3.56,3.13,3.35,4.46,2.64,5.13,4.55,3.5,3.34,1.75,1.87,3.23,2.66,2.44,4.75,2.78,4.83,3.99,3.18,3.24,1.64,2.57,2.73,2.65,1.49,2,4.09,4.06,0,2.06,1.63,3.57,3.45,2.59,2.99,1.84,2.24,4.45,3.69,3.68,4.51,3.35,3.91,2.98,3.19,4.04,3.66,4.36,2.33,2.49,1.57,1.38,2.09,2.19,2.01,3.33,2.4,3.55,1.98,2.6,2.73,3.26,2.1,3.35,2.48,2.01,4.1,3.52,2.47
"s28","s28","male","asia","secure provenance",1,4.38,2.35,3.24,3.11,3.44,2.29,4.71,4.36,4.19,4.34,2.67,2.89,4.13,3.46,2.78,4.59,3.15,4.52,4.61,2.75,1.92,2.1,3.02,3.79,3.41,2.09,1.39,3.04,2.75,2.06,0,2.81,2.42,2.75,2.42,1.96,2.4,2.47,4.77,2.5,2.61,3.14,3.62,4.5,2.32,2.27,3.21,2.73,4.38,2.24,1.69,1.99,1.98,1.72,2.79,1.99,3.37,3.04,4.21,1.83,2.11,2.8,2.62,1.85,3.64,3.2,2.28,2.54,2.98,2.29
"s29","s29","female","asia","secure provenance",1,4.55,4.25,2.98,3.35,4.65,3.22,5.16,4.38,3.04,2.96,2.21,2.37,2.98,2.37,2.7,4.68,2.91,4.89,3.76,3.62,3.83,2.87,3.81,3.24,3.38,2.79,3.14,4.74,4.72,1.63,2.81,0,4.03,3.63,2.91,3.56,2.67,2.22,5.66,4.42,4.41,5.09,3.46,3.59,4.16,3.85,4.65,4.38,3.93,3.19,3.22,2.28,2.62,3.26,2.44,2.53,3.66,2.22,2.98,3.03,3.07,2.86,3.51,3.21,3.07,2,2.41,4.96,3.95,3.07
"s30","s30","male","asia","secure provenance",0,4.24,2.84,3.4,2.81,1.99,2.66,4.29,4.29,4.72,5.03,3.66,4.12,4.78,4.24,3.6,4.63,4.04,4.65,5.23,3.09,1.36,3.55,3.75,4.38,4.07,3.49,2.51,1.57,1.12,3.57,2.42,4.03,0,1.54,2.16,1.3,2.9,2.78,6.13,2.58,2.98,1.8,4.44,4.97,3.74,3.13,3.35,2.81,4.22,3.59,3.11,3.1,3.45,2.99,4.02,3.18,4.26,3.87,4.44,2.95,2.58,3.7,2.98,3.27,4.19,3.85,3.69,2.4,3.25,3.26
"s31","s31","female","asia","secure provenance",1,4.2,3.46,3.18,2.5,1.93,2.97,4.35,4.28,4.35,4.75,3.61,4.18,4.45,3.94,3.6,4.6,4.05,4.77,5.05,3.29,2.02,3.61,4.07,4.01,3.9,3.56,2.91,2.08,2.06,3.45,2.75,3.63,1.54,0,1.76,1.45,2.69,2.09,6.55,3.34,3.77,2.99,4.46,4.87,4.41,3.74,4.05,3.62,3.85,3.96,3.5,3.16,3.72,3.46,4.14,3.45,4.58,3.55,3.78,3.33,2.65,3.77,3.23,3.79,4.01,3.53,3.77,3.44,3.58,3.47
"s32","s32","female","asia","secure provenance",1,4.5,3.6,3.19,2.53,3.02,2.46,4.59,4.26,4.15,4.32,3.02,3.59,4.01,3.47,3.16,4.53,3.6,4.7,4.74,2.84,2.49,2.75,3.35,2.87,2.93,2.71,2.65,2.45,2.77,2.59,2.42,2.91,2.16,1.76,0,2.02,1.73,1.26,5.65,3.48,3.86,3.38,4,4.64,3.92,3.68,4.17,3.75,4.1,3.35,3.32,2.49,2.98,2.88,3.73,3.01,4.34,3.1,3.55,2.63,2.61,3.78,3.28,3.08,3.77,2.86,3.35,3.78,3.41,2.82
"s33","s33","female","asia","secure provenance",1,3.91,2.62,2.88,2.26,1.98,2.24,3.98,3.93,4.14,4.46,3.06,3.57,4.16,3.64,2.97,4.23,3.49,4.27,4.66,2.64,1.31,3.09,3.44,3.98,3.72,2.94,2.02,2.16,1.8,2.99,1.96,3.56,1.3,1.45,2.02,0,2.4,2.27,5.86,2.47,2.88,2.51,3.88,4.5,3.42,2.81,3.15,2.7,3.82,3.09,2.69,2.57,3.03,2.62,3.53,2.75,3.81,3.19,3.83,2.53,1.94,3.12,2.65,2.9,3.65,3.34,3.07,2.57,2.86,2.77
"s34","s34","unknown","asia","secure provenance",1,5.1,3.86,3.51,3.13,3.97,2.66,5.19,4.78,4.12,4.06,2.45,2.92,3.82,3.31,3.01,5,3.54,5.13,4.71,3.22,3.06,1.89,2.09,1.86,1.76,1.69,2.13,3.11,3.42,1.84,2.4,2.67,2.9,2.69,1.73,2.4,0,1.68,4.54,3.86,4.06,4.17,3.99,4.64,3.43,3.76,4.43,3.98,4.6,2.95,3.27,2.07,2.07,2.44,3.34,2.84,4.26,3.05,3.75,2.3,2.77,3.66,3.67,2.6,3.9,2.87,3.12,4.04,3.78,2.91
"s35","s35","male","asia","secure provenance",1,4.32,3.76,2.98,2.45,3.36,2.56,4.58,4.11,3.66,3.85,2.72,3.31,3.55,2.99,2.83,4.39,3.31,4.59,4.36,2.93,2.9,2.65,3.47,2.7,2.87,2.63,2.76,3.21,3.41,2.24,2.47,2.22,2.78,2.09,1.26,2.27,1.68,0,5.69,3.78,4.09,4.05,3.67,4.26,4.01,3.75,4.38,4.04,3.77,3.25,3.26,2.33,2.91,2.98,3.41,2.85,4.15,2.55,3,2.8,2.44,3.44,3.24,3.16,3.4,2.31,3,4.18,3.45,2.79
"s36","s36","male","asia","secure provenance",1,8.39,6.01,7.14,7.04,7.61,5.68,8.53,8.13,7.56,7.2,5.41,5.26,7.1,6.66,5.96,8.22,6.32,8.04,7.75,6.16,6.11,3.41,3.24,4.35,3.77,3.71,4.46,5.85,6.18,4.45,4.77,5.66,6.13,6.55,5.65,5.86,4.54,5.69,0,6.18,6.13,6.77,6.66,7.65,3.83,5.79,6.72,6.22,8.33,4.82,5.24,5.14,3.88,4.26,5.68,5.38,6.4,6.35,7.59,4.58,5.96,6.39,6.63,4.18,7.23,6.39,5.59,5.83,6.52,5.46
"s65","s65","female","africa","secure provenance",0,3.29,1.07,3.13,2.91,2.94,2.04,3.35,3.45,4.49,4.79,3.49,3.84,4.47,4.02,2.86,3.56,3.03,3.21,4.41,2.19,1.59,3.69,4.47,5.5,5.21,3.5,2.52,3.57,2.66,3.69,2.5,4.42,2.58,3.34,3.48,2.47,3.86,3.78,6.18,0,0.83,2.14,3.21,4.31,2.85,1.32,1.3,1.14,4.02,2.47,1.87,2.87,3.34,2.33,3.29,2.41,2.74,3.47,4.56,2.4,1.94,2.83,1.75,2.56,3.6,3.88,2.83,1.63,1.79,2.22
"s66","s66","female","asia","secure provenance",0,3.4,1.3,3.19,3.23,3.46,2.26,3.57,3.56,4.42,4.68,3.42,3.66,4.43,3.99,2.89,3.68,2.98,3.32,4.29,2.55,2,3.77,4.48,5.69,5.35,3.55,2.57,4.06,3.12,3.68,2.61,4.41,2.98,3.77,3.86,2.88,4.06,4.09,6.13,0.83,0,2.56,3.18,4.16,2.78,1.18,1.29,1.02,4.14,2.38,1.78,2.86,3.25,2.37,3.03,2.28,2.51,3.52,4.72,2.47,2.19,2.58,1.82,2.53,3.56,3.94,2.65,1.92,2.07,2.4
"s67","s67","female","europe","secure provenance",0,4.19,2.53,3.93,3.42,2.31,3.03,4.11,4.31,5.36,5.72,4.46,4.84,5.43,4.93,4.12,4.56,4.37,4.39,5.56,3.18,1.86,4.45,4.71,5.68,5.36,4.39,3.28,2.57,1.68,4.51,3.14,5.09,1.8,2.99,3.38,2.51,4.17,4.05,6.77,2.14,2.56,0,4.67,5.38,3.91,2.98,2.75,2.45,4.65,3.92,3.33,3.79,4.24,3.45,4.56,3.63,4.28,4.58,5.25,3.42,3.03,4.15,3.07,3.67,4.63,4.69,4.19,1.82,3.13,3.52
"s02","s02","male","europe","secure provenance",1,2.51,3.27,2.12,2.54,4.42,2.23,2.8,2.04,2.53,2.64,2.35,2.73,2.23,2.12,1.3,2.01,1.11,1.94,1.88,2.08,3.63,4.05,5.06,5.2,5.27,3.59,3.6,5.54,4.98,3.35,3.62,3.46,4.44,4.46,4,3.88,3.99,3.67,6.66,3.21,3.18,4.67,0,2.07,4.09,2.79,2.91,3.11,2.77,2.31,2.91,2.53,3.49,3.24,2.15,2.22,1.64,1.64,2.74,2.85,2.29,2.12,2.07,3.12,1.61,2.13,1.94,4.52,1.84,1.88
"s03","s03","female","europe","secure provenance",1,2.63,4.39,2.02,2.99,4.82,3.28,3.12,2.27,1.52,1.67,2.57,2.78,1.68,1.9,2.24,2.62,2.02,2.9,1.19,3.43,4.37,5.05,5.65,5.66,5.79,4.56,4.4,6.22,5.64,3.91,4.5,3.59,4.97,4.87,4.64,4.5,4.64,4.26,7.65,4.31,4.16,5.38,2.07,0,5.35,3.94,3.79,3.82,2.22,3.67,4.02,3.34,4.27,4.41,2.47,3.09,2.36,2.09,2.38,3.93,3.4,2.23,3.02,4.3,1.54,2.38,2.74,5.51,3.2,3.31
"s04","s04","male","europe","secure provenance",1,5.35,2.61,4.53,4.47,4.88,3.01,5.58,5.27,5.43,5.39,3.6,3.66,5.2,4.65,3.52,5.4,3.78,5.08,5.43,3.42,3.26,2.31,3.1,4.61,4.09,2.4,2,4.08,3.8,2.98,2.32,4.16,3.74,4.41,3.92,3.42,3.43,4.01,3.83,2.85,2.78,3.91,4.09,5.35,0,2.31,3.38,3.05,5.75,2.04,1.91,2.86,2.2,1.5,3.36,2.6,3.56,4.15,5.6,2.06,3.03,3.62,3.44,1.51,4.73,4.39,2.97,2.69,3.49,2.81
"s68","s68","male","africa","secure provenance",0,3.42,1.23,2.99,3.09,3.63,2.03,3.75,3.5,4.16,4.35,3.05,3.27,4.13,3.62,2.4,3.63,2.49,3.31,4.02,2.23,2.24,3.35,4.27,5.34,5,3.08,2.25,4.13,3.4,3.19,2.27,3.85,3.13,3.74,3.68,2.81,3.76,3.75,5.79,1.32,1.18,2.98,2.79,3.94,2.31,0,1.49,1.58,4.07,1.72,1.06,2.35,2.75,1.91,2.48,1.63,2.07,3.07,4.4,1.98,1.81,2.2,1.58,1.94,3.24,3.49,2.07,2.23,1.88,1.9
"s69","s69","male","asia","secure provenance",0,2.87,1.63,2.89,2.99,3.35,2.31,2.94,3.03,4.14,4.43,3.47,3.74,4.14,3.81,2.75,3.12,2.71,2.77,3.83,2.3,2.39,4.32,4.96,6.04,5.79,3.97,3.06,4.46,3.5,4.04,3.21,4.65,3.35,4.05,4.17,3.15,4.43,4.38,6.72,1.3,1.29,2.75,2.91,3.79,3.38,1.49,0,1.18,3.74,2.65,2.3,3.07,3.71,2.88,3.08,2.52,2.14,3.41,4.44,2.73,2.25,2.59,1.8,2.97,3.27,3.89,2.77,2.47,1.67,2.38
"s70","s70","male","europe","secure provenance",0,3.21,1.59,2.92,3.02,3.22,2.13,3.3,3.32,4.15,4.42,3.19,3.44,4.16,3.79,2.71,3.55,2.84,3.22,4.07,2.45,1.93,3.86,4.38,5.57,5.25,3.6,2.51,3.93,2.99,3.66,2.73,4.38,2.81,3.62,3.75,2.7,3.98,4.04,6.22,1.14,1.02,2.45,3.11,3.82,3.05,1.58,1.18,0,3.86,2.59,2.06,2.91,3.26,2.53,2.95,2.35,2.33,3.38,4.47,2.44,2.24,2.46,1.91,2.66,3.41,3.83,2.67,2.08,2.03,2.45
"s05","s05","male","asia","secure provenance",1,1.73,4.12,1.63,2.07,3.43,3.3,2.22,1.74,1.98,2.71,3.34,3.8,2.43,2.4,2.78,2.08,2.77,2.65,2.37,3.22,3.72,5.37,6.01,5.83,5.99,4.93,4.49,5.47,4.84,4.36,4.38,3.93,4.22,3.85,4.1,3.82,4.6,3.77,8.33,4.02,4.14,4.65,2.77,2.22,5.75,4.07,3.74,3.86,0,4.22,4.21,3.61,4.84,4.68,3.49,3.55,3.33,2.43,1.99,4.29,3.02,2.81,2.7,4.77,1.8,2.61,3.34,5.12,2.98,3.51
"s49","s49","unknown","north_am","secure provenance",0,3.95,2.35,3.05,3.11,4.37,1.76,4.19,3.67,3.81,3.75,2.2,2.43,3.51,3.03,1.85,3.77,2.08,3.59,3.65,2.15,2.9,2.43,3.5,4.29,4.03,1.97,2.02,4.41,3.98,2.33,2.24,3.19,3.59,3.96,3.35,3.09,2.95,3.25,4.82,2.47,2.38,3.92,2.31,3.67,2.04,1.72,2.65,2.59,4.22,0,1.56,1.55,1.86,1.36,1.94,1.23,2.17,2.53,4.01,1.24,1.96,2.32,2.18,1.15,2.96,2.77,1.57,3.27,2.17,1.29
"s50","s50","female","north_am","secure provenance",1,3.8,1.51,3.07,3.21,3.8,2.07,4.25,3.88,4.08,4.24,2.74,2.94,4.02,3.44,2.35,4.05,2.49,3.8,4.12,2.45,2.29,2.61,3.79,4.75,4.42,2.5,1.76,3.93,3.36,2.49,1.69,3.22,3.11,3.5,3.32,2.69,3.27,3.26,5.24,1.87,1.78,3.33,2.91,4.02,1.91,1.06,2.3,2.06,4.21,1.56,0,2.04,2.18,1.46,2.24,1.4,2.33,2.88,4.28,1.69,1.81,2.15,1.92,1.58,3.32,3.27,1.75,2.41,2.34,1.86
"s52","s52","male","north_am","secure provenance",1,3.85,2.73,2.32,2.45,3.8,1.8,4.16,3.56,3.02,3,1.44,1.87,2.79,2.15,1.69,3.72,1.93,3.82,3.32,2.16,2.62,2.28,3.12,3.49,3.38,1.71,1.77,3.95,3.67,1.57,1.99,2.28,3.1,3.16,2.49,2.57,2.07,2.33,5.14,2.87,2.86,3.79,2.53,3.34,2.86,2.35,3.07,2.91,3.61,1.55,2.04,0,1.56,1.66,1.71,1.13,2.66,1.92,3.14,1.29,1.72,2.14,2.2,1.66,2.47,1.96,1.51,3.53,2.5,1.59
"s53","s53","unknown","north_am","secure provenance",0,5,3.18,3.52,3.69,4.62,2.61,5.28,4.76,4.07,3.88,2,2.03,3.78,3.22,2.57,4.93,2.88,4.91,4.39,3.1,3.12,1.47,2.23,3.13,2.78,1.08,1.53,3.98,3.86,1.38,1.98,2.62,3.45,3.72,2.98,3.03,2.07,2.91,3.88,3.34,3.25,4.24,3.49,4.27,2.2,2.75,3.71,3.26,4.84,1.86,2.18,1.56,0,1.34,2.16,1.79,3.21,2.91,4.25,1.43,2.67,2.87,3.19,1.24,3.7,3.03,2.16,3.58,3.44,2.42
"s54","s54","male","north_am","secure provenance",1,4.53,2.14,3.45,3.38,4.06,2.09,4.75,4.39,4.36,4.34,2.53,2.77,4.1,3.55,2.52,4.51,2.78,4.35,4.48,2.49,2.46,1.74,2.77,3.84,3.5,1.5,1.26,3.55,3.23,2.09,1.72,3.26,2.99,3.46,2.88,2.62,2.44,2.98,4.26,2.33,2.37,3.45,3.24,4.41,1.5,1.91,2.88,2.53,4.68,1.36,1.46,1.66,1.34,0,2.49,1.62,2.94,3.06,4.45,0.96,2.08,2.83,2.57,0.75,3.71,3.28,2.18,2.6,2.68,1.85
"s55","s55","male","north_am","secure provenance",1,3.61,3.15,2.3,3.1,4.56,2.5,4.16,3.43,2.54,2.42,1.42,1.38,2.42,1.97,1.58,3.63,1.46,3.68,2.66,2.81,3.36,3.2,3.99,4.48,4.35,2.68,2.62,5.07,4.59,2.19,2.79,2.44,4.02,4.14,3.73,3.53,3.34,3.41,5.68,3.29,3.03,4.56,2.15,2.47,3.36,2.48,3.08,2.95,3.49,1.94,2.24,1.71,2.16,2.49,0,1.24,1.71,1.79,3.2,2.19,2.45,1.36,2.34,2.3,2.17,2.13,1.12,4.16,2.79,2.15
"s56","s56","male","north_am","secure provenance",1,3.45,2.25,2.29,2.64,3.86,1.74,3.9,3.29,3.1,3.15,1.74,2,3,2.41,1.5,3.52,1.64,3.46,3.22,2.12,2.53,2.64,3.61,4.24,4.04,2.24,1.92,4.19,3.71,2.01,1.99,2.53,3.18,3.45,3.01,2.75,2.84,2.85,5.38,2.41,2.28,3.63,2.22,3.09,2.6,1.63,2.52,2.35,3.55,1.23,1.4,1.13,1.79,1.62,1.24,0,1.88,1.98,3.42,1.41,1.63,1.54,1.66,1.5,2.38,2.21,1.04,3.21,2.14,1.47
"s51","s51","male","north_am","secure provenance",1,2.79,2.75,2.43,3.11,4.44,2.36,3.24,2.72,3.02,3.08,2.47,2.57,2.92,2.7,1.68,2.86,1.44,2.6,2.49,2.48,3.4,4.03,4.86,5.56,5.43,3.59,3.25,5.4,4.68,3.33,3.37,3.66,4.26,4.58,4.34,3.81,4.26,4.15,6.4,2.74,2.51,4.28,1.64,2.36,3.56,2.07,2.14,2.33,3.33,2.17,2.33,2.66,3.21,2.94,1.71,1.88,0,2.31,3.59,2.66,2.42,1.64,1.97,2.78,2.29,2.88,1.74,3.91,2.01,2.1
"s06","s06","male","asia","secure provenance",1,2.91,3.48,1.51,2.01,3.92,2.21,3.32,2.59,1.74,1.88,1.48,2.03,1.53,1.1,1.07,2.73,1.3,3.01,2.07,2.29,3.27,3.47,4.37,4.13,4.28,3.01,3.12,4.88,4.51,2.4,3.04,2.22,3.87,3.55,3.1,3.19,3.05,2.55,6.35,3.47,3.52,4.58,1.64,2.09,4.15,3.07,3.41,3.38,2.43,2.53,2.88,1.92,2.91,3.06,1.79,1.98,2.31,0,1.7,2.66,2.06,1.87,2.28,3,1.39,1.01,1.64,4.53,2.44,2.02
"s07","s07","male","asia","secure provenance",1,3.04,4.62,1.83,2.12,4.02,3.25,3.36,2.72,1.64,2.04,2.61,3.17,1.63,1.62,2.41,2.9,2.54,3.45,2.28,3.17,4.08,4.64,5.36,4.61,4.98,4.24,4.3,5.42,5.14,3.55,4.21,2.98,4.44,3.78,3.55,3.83,3.75,3,7.59,4.56,4.72,5.25,2.74,2.38,5.6,4.4,4.44,4.47,1.99,4.01,4.28,3.14,4.25,4.45,3.2,3.42,3.59,1.7,0,3.95,3.09,3.05,3.3,4.45,1.86,1.72,3.14,5.59,3.42,3.29
"s37","s37","male","europe","secure provenance",0,4.2,2.3,2.97,2.92,3.88,1.66,4.36,3.93,3.89,3.86,2.07,2.39,3.58,3.05,2.09,4.08,2.32,3.99,3.97,2.07,2.42,1.94,2.85,3.69,3.42,1.5,1.38,3.61,3.31,1.98,1.83,3.03,2.95,3.33,2.63,2.53,2.3,2.8,4.58,2.4,2.47,3.42,2.85,3.93,2.06,1.98,2.73,2.44,4.29,1.24,1.69,1.29,1.43,0.96,2.19,1.41,2.66,2.66,3.95,0,1.93,2.61,2.38,0.99,3.23,2.81,1.93,2.92,2.39,1.45
"s38","s38","female","europe","secure provenance",1,2.82,1.9,1.97,1.72,2.72,1.4,3.06,2.79,3.23,3.53,2.36,2.89,3.16,2.65,1.66,2.95,2.05,2.88,3.34,1.51,1.82,2.96,3.89,4.38,4.27,2.69,2.15,3.63,3.04,2.6,2.11,3.07,2.58,2.65,2.61,1.94,2.77,2.44,5.96,1.94,2.19,3.03,2.29,3.4,3.03,1.81,2.25,2.24,3.02,1.96,1.81,1.72,2.67,2.08,2.45,1.63,2.42,2.06,3.09,1.93,0,2.09,1.32,2.29,2.41,2.42,1.83,2.81,1.49,1.52
"s57","s57","female","north_am","secure provenance",1,2.78,2.76,1.82,2.63,3.88,2.35,3.44,2.83,2.41,2.65,1.97,2.13,2.6,2.18,1.64,3.15,1.67,3.16,2.56,2.74,2.93,3.69,4.45,5.04,4.89,3.29,2.71,4.9,4.25,2.73,2.8,2.86,3.7,3.77,3.78,3.12,3.66,3.44,6.39,2.83,2.58,4.15,2.12,2.23,3.62,2.2,2.59,2.46,2.81,2.32,2.15,2.14,2.87,2.83,1.36,1.54,1.64,1.87,3.05,2.61,2.09,0,1.79,2.82,1.93,2.41,1.3,3.81,2.43,2.34
"s58","s58","male","north_am","secure provenance",0,2.18,1.77,1.88,2.01,3.01,1.79,2.62,2.24,3.12,3.52,2.7,3.12,3.21,2.76,1.85,2.46,1.9,2.34,3.11,1.77,2.09,3.77,4.72,5.25,5.12,3.42,2.71,4.22,3.45,3.26,2.62,3.51,2.98,3.23,3.28,2.65,3.67,3.24,6.63,1.75,1.82,3.07,2.07,3.02,3.44,1.58,1.8,1.91,2.7,2.18,1.92,2.2,3.19,2.57,2.34,1.66,1.97,2.28,3.3,2.38,1.32,1.79,0,2.67,2.12,2.63,1.91,2.96,1.3,1.79
"s59","s59","female","north_am","secure provenance",1,4.59,2.41,3.48,3.49,4.36,2.12,4.81,4.36,4.3,4.21,2.39,2.56,4.02,3.45,2.42,4.49,2.68,4.32,4.36,2.51,2.78,1.91,2.86,3.87,3.52,1.6,1.55,3.88,3.61,2.1,1.85,3.21,3.27,3.79,3.08,2.9,2.6,3.16,4.18,2.56,2.53,3.67,3.12,4.3,1.51,1.94,2.97,2.66,4.77,1.15,1.58,1.66,1.24,0.75,2.3,1.5,2.78,3,4.45,0.99,2.29,2.82,2.67,0,3.61,3.18,2.06,2.91,2.75,1.81
"s46","s46","male","europe","secure provenance",0,2.23,3.59,1.18,2.02,3.99,2.55,2.69,1.78,1.37,1.78,2.16,2.58,1.53,1.27,1.62,2.01,1.52,2.43,1.44,2.51,3.54,4.39,5.18,5.12,5.23,3.87,3.69,5.42,4.87,3.35,3.64,3.07,4.19,4.01,3.77,3.65,3.9,3.4,7.23,3.6,3.56,4.63,1.61,1.54,4.73,3.24,3.27,3.41,1.8,2.96,3.32,2.47,3.7,3.71,2.17,2.38,2.29,1.39,1.86,3.23,2.41,1.93,2.12,3.61,0,1.6,2.09,4.79,2.43,2.49
"s47","s47","male","europe","secure provenance",1,3.28,3.87,1.81,2.12,4.09,2.4,3.68,2.81,1.89,1.95,1.7,2.26,1.7,1.22,1.63,3.06,1.82,3.43,2.41,2.56,3.5,3.54,4.33,3.81,4.03,3.08,3.31,4.84,4.61,2.48,3.2,2,3.85,3.53,2.86,3.34,2.87,2.31,6.39,3.88,3.94,4.69,2.13,2.38,4.39,3.49,3.89,3.83,2.61,2.77,3.27,1.96,3.03,3.28,2.13,2.21,2.88,1.01,1.72,2.81,2.42,2.41,2.63,3.18,1.6,0,2.07,4.84,2.85,2.31
"s48","s48","male","europe","secure provenance",1,3.32,2.66,2.12,2.71,4.12,2.02,3.82,3.18,2.66,2.7,1.59,1.72,2.56,2.04,1.36,3.37,1.5,3.36,2.76,2.41,2.91,2.9,3.86,4.39,4.26,2.49,2.28,4.71,4.21,2.01,2.28,2.41,3.69,3.77,3.35,3.07,3.12,3,5.59,2.83,2.65,4.19,1.94,2.74,2.97,2.07,2.77,2.67,3.34,1.57,1.75,1.51,2.16,2.18,1.12,1.04,1.74,1.64,3.14,1.93,1.83,1.3,1.91,2.06,2.09,2.07,0,3.73,2.32,1.72
"s39","s39","male","africa","secure provenance",1,4.55,1.66,4.21,3.9,3.16,3.03,4.64,4.76,5.53,5.82,4.27,4.53,5.53,4.99,3.95,4.93,4.19,4.62,5.66,3.25,1.88,3.74,4.24,5.62,5.17,3.76,2.55,2.96,2.04,4.1,2.54,4.96,2.4,3.44,3.78,2.57,4.04,4.18,5.83,1.63,1.92,1.82,4.52,5.51,2.69,2.23,2.47,2.08,5.12,3.27,2.41,3.53,3.58,2.6,4.16,3.21,3.91,4.53,5.59,2.92,2.81,3.81,2.96,2.91,4.79,4.84,3.73,0,3.11,3.27
"np01","np01","female","europe","no provenance",2,3.23,1.48,2.96,2.83,3.51,1.87,3.36,3.24,4.12,4.32,3.09,3.44,3.96,3.53,2.25,3.18,2.42,2.87,3.87,1.74,2.29,3.35,4.37,5.21,5.02,3.06,2.58,4.18,3.45,3.31,2.52,4.01,3.26,3.72,3.56,2.85,3.67,3.58,5.87,1.44,1.64,3.11,2.47,3.98,2.58,1.26,1.73,2,3.87,1.75,1.66,2.41,2.99,2.02,2.82,1.98,2.26,2.91,4.17,2.12,1.48,2.62,1.59,2.16,3.14,3.35,2.25,2.48,1.31,1.58
"np05","np05","unknown","asia","no provenance",2,5.45,4.25,3.78,3.65,4.06,3.52,5.74,5.27,4.26,4.29,3.01,3.3,4.25,3.66,3.73,5.59,4.13,5.8,5.21,4.09,3.27,2.63,2.72,2.48,2.22,2.57,2.45,3.15,3.53,2.2,2.54,2.54,2.96,2.53,2.11,2.68,1.76,2.07,5.12,4.33,4.46,4.39,4.72,4.97,4.05,4.19,4.93,4.38,4.74,3.76,3.61,2.69,2.65,3.16,3.62,3.27,4.77,3.54,4.1,3.07,3.4,3.82,4.02,3.34,4.27,3.33,3.49,4.36,4.52,3.74
"np06","np06","unknown","asia","no provenance",2,3.18,1.65,2.48,2.03,2.24,1.68,3.27,3.22,3.83,4.17,2.87,3.35,3.79,3.29,2.39,3.41,2.75,3.3,4.05,1.85,1.05,3.06,3.83,4.51,4.31,2.88,1.97,2.95,2.27,2.94,1.88,3.56,1.96,2.31,2.45,1.48,2.87,2.63,5.93,1.49,1.94,2.31,2.99,4.02,2.93,1.88,2.15,1.92,3.47,2.36,1.9,2.21,2.88,2.13,3.02,2.13,2.94,2.77,3.7,2.02,1.08,2.62,1.65,2.42,3.11,3.07,2.4,2.11,1.83,1.96
"np07","np07","unknown","asia","no provenance",2,5.88,2.93,5.07,4.92,4.67,3.62,6,5.87,6.12,6.15,4.34,4.4,6.01,5.44,4.39,6.1,4.75,5.81,6.31,4.17,3.12,3.1,3.2,5.08,4.38,3.24,2.3,3.49,3.2,3.82,2.6,4.91,3.32,4.28,4.21,3.26,3.84,4.5,4.25,3.03,3.02,3.45,5.12,6.09,1.78,2.91,3.7,3.14,6.23,3.22,2.71,3.72,3.01,2.46,4.25,3.47,4.42,5.01,6.29,2.92,3.66,4.25,4.05,2.58,5.48,5.23,3.92,2.17,4.19,3.8
"np08","np08","unknown","europe","no provenance",2,2.71,2.12,2.72,2.5,1.86,2.75,2.78,3.18,4.11,4.65,3.81,4.23,4.28,3.93,3.25,3.34,3.42,3.23,4.27,2.73,1.65,4.49,5.09,5.87,5.69,4.29,3.21,3.71,2.63,4.2,3.13,4.62,2.58,2.89,3.67,2.34,4.22,3.82,7.27,1.84,2.16,2.38,3.63,4.2,4.17,2.59,2.07,2.03,3.23,3.6,2.93,3.43,4.2,3.47,3.81,3.19,3.35,3.55,4.12,3.39,2.14,3,2.09,3.8,3.49,4,3.34,2.47,2.32,3.09
"np09","np09","female","asia","no provenance",2,1.78,2.46,1.27,1.47,2.88,1.58,2.25,1.79,2.59,3.01,2.36,2.87,2.66,2.29,1.46,2.17,1.65,2.18,2.56,1.69,2.33,3.86,4.71,5,4.95,3.52,2.99,4.28,3.6,3.17,2.84,3.2,3.02,3.09,3.12,2.59,3.54,2.97,6.78,2.31,2.45,3.33,1.85,2.4,3.91,2.22,2.17,2.23,2.14,2.51,2.42,2.33,3.36,2.99,2.31,1.93,1.9,1.79,2.56,2.59,1.49,1.7,1.2,3.02,1.69,2.16,1.97,3.5,1.4,1.82
"np10","np10","unknown","europe","no provenance",2,4.15,2.49,3.04,3.37,4.44,2.18,4.5,4.02,3.67,3.59,1.96,1.97,3.46,2.95,2,4.15,2.2,4,3.69,2.65,2.92,2.32,3.19,4.22,3.93,1.94,1.81,4.48,4.01,1.93,2.04,2.94,3.64,4.02,3.5,3.08,2.95,3.32,4.64,2.64,2.39,4.04,2.65,3.62,2.04,1.85,2.77,2.53,4.29,1.13,1.5,1.56,1.47,1.36,1.59,1.16,2.15,2.53,4.08,1.48,2.15,2,2.43,1.22,3.1,2.91,1.32,3.26,2.61,1.83
"np11","np11","male","asia","no provenance",2,2.68,2.41,1.71,1.52,3.12,1.41,2.85,2.4,2.81,3.08,2.07,2.71,2.59,2.14,1.21,2.45,1.44,2.54,2.82,1.04,2.41,3.22,4.27,4.36,4.38,2.77,2.6,4.12,3.62,2.73,2.59,3.04,3.12,3.01,2.68,2.51,2.92,2.53,6.18,2.42,2.66,3.55,1.77,2.94,3.55,2.26,2.52,2.6,2.71,2.03,2.29,1.66,2.81,2.41,2.28,1.74,2.31,1.56,2.53,1.98,1.17,2.17,1.48,2.49,1.9,1.95,1.88,3.51,1.39,1.19
"s60","s60","unknown","north_am","secure provenance",1,2.29,2.02,2.24,2.05,3.15,1.51,2.33,2.17,3.49,3.77,2.87,3.34,3.32,3.01,1.82,2.17,1.94,1.91,3.11,1.11,2.39,3.84,4.78,5.28,5.21,3.47,3.04,4.34,3.6,3.52,2.98,3.95,3.25,3.58,3.41,2.86,3.78,3.45,6.52,1.79,2.07,3.13,1.84,3.2,3.49,1.88,1.67,2.03,2.98,2.17,2.34,2.5,3.44,2.68,2.79,2.14,2.01,2.44,3.42,2.39,1.49,2.43,1.3,2.75,2.43,2.85,2.32,3.11,0,1.41
"s61","s61","unknown","north_am","secure provenance",1,3.24,2.25,2.43,2.32,3.69,1.18,3.44,2.98,3.41,3.5,2.15,2.61,3.08,2.62,1.45,3.01,1.63,2.9,3.22,1.18,2.54,2.77,3.92,4.26,4.2,2.37,2.37,4.12,3.67,2.47,2.29,3.07,3.26,3.47,2.82,2.77,2.91,2.79,5.46,2.22,2.4,3.52,1.88,3.31,2.81,1.9,2.38,2.45,3.51,1.29,1.86,1.59,2.42,1.85,2.15,1.47,2.1,2.02,3.29,1.45,1.52,2.34,1.79,1.81,2.49,2.31,1.72,3.27,1.41,0
